101 1972.172 2480.564 509.652
102 1974.320 2491.543 511.125
103 1970.278 2481.040 510.565
104 1977.158 2497.983 509.212
105 1976.001 2501.581 509.285
106 1966.812 2490.036 517.515
107 1974.631 2493.484 510.732
108 1976.136 2479.927 508.756
109 1976.913 2485.138 508.915
110 1966.870 2483.166 513.667
111 1975.789 2499.557 509.317
112 1966.719 2485.092 515.136
113 1968.821 2485.610 514.449
114 1977.477 2482.720 508.814
115 1970.102 2482.694 511.739
116 1966.520 2491.893 518.212
117 1971.495 2488.356 513.940
118 1968.638 2479.685 510.311
119 1972.576 2492.880 512.281
120 1968.399 2481.247 511.773
121 1973.232 2486.017 511.801
122 1973.752 2482.472 509.387
123 1972.162 2484.208 511.509
124 1973.152 2494.646 511.532
125 1971.060 2497.811 511.933
126 1975.026 2485.833 509.664
127 1975.618 2481.933 508.884
128 1974.041 2480.538 508.925
129 1975.992 2489.158 509.649
130 1972.131 2501.836 509.663
131 1975.299 2483.903 509.109
132 1968.160 2491.496 517.120
133 1973.498 2491.228 512.947
134 1979.077 2484.040 508.770
135 1971.106 2493.097 513.675
136 1967.827 2497.973 513.942
137 1972.020 2490.302 513.948
138 1977.526 2495.942 509.261
139 1969.877 2490.999 515.820
140 1970.234 2495.856 513.989
141 1972.970 2487.844 512.660
142 1970.812 2484.915 512.815
143 1979.059 2494.563 509.069
144 1972.706 2496.862 511.206
145 1978.375 2492.640 509.076
146 1973.989 2501.058 509.553
147 1970.524 2486.597 513.920
148 1966.284 2487.153 516.588
149 1975.314 2497.268 509.655
150 1979.649 2489.590 508.929
151 1973.917 2478.436 508.758
152 1977.853 2490.698 509.126
153 1968.700 2489.347 516.091
154 1968.422 2487.259 515.553
155 1972.023 2482.427 510.447
156 1970.738 2478.130 508.957
157 1971.795 2495.712 512.585
158 1974.178 2489.321 511.793
159 1965.095 2489.139 518.036
160 1978.335 2486.602 508.896
161 1976.383 2487.244 509.186
162 1968.919 2483.662 513.100
163 1976.418 2493.201 509.661
164 1974.522 2487.455 510.734
165 1964.654 2490.921 518.886
166 1975.912 2491.203 509.649
167 1975.652 2495.287 509.667
168 1972.440 2477.082 508.720
169 1977.846 2488.623 508.981
170 1961.471 2504.347 510.734
171 1961.318 2499.833 513.873
172 1963.481 2503.882 510.115
173 1962.294 2506.014 509.957
174 1956.179 2501.261 511.688
175 1963.321 2499.838 513.883
176 1955.571 2499.693 512.786
177 1964.684 2494.011 518.229
178 1959.868 2501.604 512.454
179 1965.926 2495.839 516.047
180 1961.857 2501.446 512.773
181 1953.552 2504.131 510.112
182 1963.062 2502.268 511.252
183 1968.943 2493.068 516.062
184 1973.897 2498.988 509.665
185 1965.480 2498.849 513.924
186 1966.183 2500.127 512.537
187 1969.196 2506.915 509.598
188 1964.140 2497.903 516.048
189 1968.374 2502.668 510.284
190 1966.688 2506.528 509.664
191 1960.303 2506.547 509.916
192 1968.945 2504.916 509.573
193 1967.744 2494.961 516.075
194 1970.031 2501.708 510.868
195 1962.113 2497.986 516.086
196 1959.824 2503.338 511.265
197 1968.118 2499.563 512.741
198 1967.068 2504.115 509.656
199 1966.222 2502.257 510.937
200 1969.942 2499.922 511.796
201 1957.477 2503.830 510.650
202 1964.666 2505.484 509.709
203 1956.647 2505.900 510.057
204 1970.921 2505.337 509.495
205 1974.542 2503.049 509.323
206 1967.824 2501.137 511.457
207 1965.424 2508.253 509.740
208 1970.767 2503.311 509.664
209 1952.775 2502.270 510.183
210 1963.585 2495.796 518.199
211 1959.315 2499.965 513.811
212 1963.539 2507.576 509.778
213 1961.387 2508.250 509.839
214 1959.131 2504.919 510.202
215 1967.719 2508.298 509.662
216 1972.697 2503.876 509.407
217 1958.079 2502.276 511.794
218 1958.238 2507.149 509.927
219 1955.549 2504.206 510.198
220 1964.672 2501.147 511.670
221 1966.793 2493.701 517.388
222 1954.719 2502.238 510.729
223 1972.159 2499.027 510.723
224 1956.028 2493.179 513.931
225 1950.615 2482.652 509.585
226 1950.383 2498.979 510.120
227 1959.419 2477.364 509.388
228 1950.214 2484.728 509.662
229 1957.288 2500.004 513.800
230 1953.719 2484.604 510.190
231 1953.823 2489.395 512.380
232 1954.883 2485.124 511.808
233 1956.728 2480.855 510.030
234 1956.907 2498.006 513.926
235 1949.313 2492.939 510.001
236 1965.195 2474.969 508.954
237 1959.698 2475.361 509.075
238 1960.226 2491.566 517.278
239 1951.278 2493.417 510.421
240 1967.041 2477.947 509.595
241 1961.968 2474.637 509.000
242 1949.870 2497.013 510.096
243 1961.201 2485.138 515.595
244 1956.096 2485.946 513.172
245 1955.010 2490.678 513.357
246 1970.706 2475.891 508.904
247 1951.821 2497.478 510.470
248 1964.643 2479.224 511.069
249 1963.696 2480.853 512.488
250 1961.335 2476.571 509.229
251 1961.062 2495.571 517.216
252 1957.848 2494.985 515.090
253 1951.040 2489.939 510.123
254 1953.191 2495.246 511.692
255 1959.997 2497.926 516.039
256 1949.217 2488.832 509.817
257 1959.057 2484.461 514.374
258 1964.203 2485.141 515.956
259 1965.112 2477.101 509.318
260 1959.591 2489.729 516.689
261 1960.247 2487.796 516.496
262 1953.964 2499.899 511.582
263 1957.530 2478.146 509.349
264 1956.473 2491.339 514.580
265 1951.829 2485.917 509.792
266 1955.945 2482.998 511.297
267 1959.243 2493.067 516.314
268 1962.890 2483.954 515.013
269 1962.869 2478.507 510.440
270 1960.815 2493.490 517.511
271 1957.709 2486.002 514.373
272 1956.505 2496.024 513.948
273 1957.603 2482.408 512.313
274 1961.254 2489.088 517.644
275 1952.634 2482.985 509.637
276 1958.253 2480.792 511.324
277 1957.618 2492.898 515.140
278 1953.684 2497.217 511.521
279 1953.967 2478.216 509.347
280 1954.499 2487.278 512.390
281 1949.668 2494.974 510.049
282 1963.321 2476.107 509.128
283 1951.773 2480.788 509.483
284 1951.555 2495.452 510.519
285 1954.755 2495.711 512.872
286 1959.457 2495.774 516.035
287 1958.457 2488.127 515.473
288 1949.236 2490.891 509.916
289 1964.614 2483.044 514.381
290 1953.439 2486.732 510.734
291 1957.132 2484.230 512.994
292 1951.109 2501.090 510.166
293 1955.689 2477.038 509.238
294 1968.797 2476.555 508.937
295 1960.403 2478.662 510.589
296 1952.031 2491.568 510.756
297 1954.422 2493.708 512.844
298 1952.992 2493.244 511.499
299 1963.988 2486.920 517.040
300 1955.192 2497.712 512.815
301 1952.896 2488.744 510.725
302 1953.823 2480.226 509.472
303 1962.777 2482.349 513.813
304 1960.123 2480.316 511.900
305 1959.317 2482.726 513.371
306 1961.996 2486.766 516.707
307 1959.318 2486.292 515.526
308 1963.179 2488.569 518.108
309 1949.535 2486.833 509.758
310 1961.054 2481.640 513.080
311 1962.340 2492.631 518.585
312 1957.720 2476.158 509.156
313 1958.161 2490.762 515.716
314 1962.535 2490.464 518.525
315 1967.259 2475.256 508.933
316 1955.700 2479.244 509.387
317 1952.333 2499.415 510.452
318 1957.049 2489.411 514.746
319 1951.259 2487.953 509.867
320 1966.756 2479.630 510.998
321 1958.386 2497.162 514.978
322 1962.033 2479.696 511.868
323 1960.895 2483.403 514.428
324 1954.781 2481.888 510.080
325 1955.844 2488.233 513.538
326 1953.564 2491.399 512.070
